552,3
552,2
552,1
552,0
551,3
551,2
551,1
551,0
550,5
550,4
550,3
550,2
550,1
550,0
549,3
549,2
549,1
549,0
548,3
548,2
548,1
548,0
547,3
547,2
547,1
547,0
546,5
546,4
546,3
546,2
546,1
546,0
545,3
545,2
545,1
545,0
544,3
544,2
544,1
544,0
543,3
543,2
543,1
543,0
542,5
0,450
542,4
542,3
542,2
542,1
542,0
541,3
541,2
541,1
541,0
0,449
0,448
540,3
540,2
540,1
540,0
539,3
539,2
539,1
539,0
538,5
538,4
538,3
538,2
538,1
538,0
537,3
537,2
537,1
537,0
0,447
0,446
536,3
536,2
536,1
536,0
535,3
535,2
535,1
535,0
534,5
534,4
534,3
534,2
534,1
534,0
533,3
533,2
533,1
533,0
532,3
532,2
532,1
532,0
531,3
531,2
531,1
531,0
530,5
0,445
530,4
530,3
530,2
530,1
530,0
529,3
529,2
529,1
529,0
528,3
528,2
528,1
528,0
527,3
527,2
527,1
527,0
526,5
526,4
526,3
526,2
526,1
526,0
525,3
525,2
525,1
525,0
524,3
524,2
524,1
524,0
523,3
523,2
523,1
523,0
522,5
522,4
522,3
522,2
522,1
522,0
521,3
521,2
521,1
521,0
520,3
520,2
520,1
520,0
519,3
519,2
519,1
519,0
518,5
518,4
518,3
518,2
518,1
518,0
517,3
517,2
517,1
517,0
516,3
516,2
516,1
516,0
515,3
515,2
515,1
515,0
514,5
514,4
514,3
514,2
514,1
514,0
513,3
513,2
513,1
513,0
512,3
512,2
512,1
512,0
511,3
511,2
511,1
511,0
510,5
510,4
510,3
510,2
510,1
510,0
509,3
509,2
509,1
509,0
508,3
508,2
508,1
508,0
507,3
507,2
507,1
507,0
506,5
506,4
506,3
506,2
506,1
506,0
505,3
505,2
505,1
505,0
504,3
504,2
504,1
504,0
503,3
503,2
503,1
503,0
502,5
502,4
502,3
502,2
502,1
502,0
501,3
501,2
501,1
501,0
500,3
500,2
500,1
500,0
499,3
499,2
499,1
499,0
498,5
498,4
498,3
498,2
498,1
498,0
497,3
497,2
497,1
497,0
496,3
496,2
496,1
496,0
495,3
495,2
495,1
495,0
494,5
494,4
494,3
494,2
494,1
494,0
493,3
493,2
493,1
493,0
0,395
492,3
492,2
492,1
492,0
491,3
491,2
491,1
491,0
490,5
490,4
490,3
490,2
490,1
490,0
489,3
489,2
489,1
489,0
488,3
488,2
488,1
488,0
487,3
487,2
487,1
487,0
486,5
486,4
486,3
486,2
486,1
486,0
485,3
485,2
485,1
485,0
0,394
0,393
0,392
484,3
484,2
484,1
484,0
483,3
483,2
483,1
483,0
482,5
482,4
482,3
482,2
482,1
482,0
481,3
481,2
481,1
481,0
480,3
480,2
480,1
480,0
479,3
479,2
479,1
479,0
478,5
478,4
478,3
478,2
478,1
478,0
477,3
477,2
477,1
477,0
0,389
0,388
0,387
0,385
476,3
476,2
476,1
476,0
475,3
475,2
475,1
475,0
